Done pre-test: 324 kws , 17506 clickthroughs , 158175 lines
Done loading data : (17507, 331) (17507,)
Importing SKlearn
Training and testing models
Running <class 'sklearn.svm.classes.SVC'>

Modelling time: 0.634091s
Running data prediction
-2.000 - [ 3.76666658  9.24242395  7.1786765   3.00536457  3.13747201  4.11320828
  7.42574358  1.96355883  1.01709116 -0.49756775 -5.63033873 -2.56194889
 -3.28992734 -1.35240967 -1.19706398 -0.85068724 -1.28214865 -6.8486132
 -2.15840663 -5.13732511 -4.26733002 -1.96981674 -2.05363771 -1.77043719
 -2.61053875 -0.66136325 -2.22253757 -1.3045044  -0.73142443 -1.15139405
  0.33408016 -2.87644504 -0.95814708 -1.06804367 -0.83541119 -1.0456064
 -1.21857033 -1.5845804  -2.05224914 -0.55406054  0.48114289 -0.68564478
 -0.41216758 -0.83387051 -1.5442347 ]
-2.000 - [ 3.7695283   9.24660319  7.1806593   3.00603595  3.13755228  4.11316763
  7.4273427   1.96362827  1.01591813 -0.49762633 -5.63405669 -2.56624686
 -3.29379809 -1.3560295  -1.19735646 -0.85113551 -1.28270546 -6.85288338
 -2.1593076  -5.1427433  -4.27518818 -1.97032283 -2.05427572 -1.77100576
 -2.61085784 -0.66149115 -2.22544277 -1.3050202  -0.73193274 -1.15196036
  0.33303812 -2.8820876  -0.95964987 -1.06900041 -0.83637393 -1.04862175
 -1.21993173 -1.58593811 -2.05295397 -0.55346476  0.48377168 -0.68581476
 -0.4118592  -0.83549605 -1.54481561]
-2.000 - [ 3.84863085  9.00679594  7.68552323  4.39854336  3.07429878  3.92741961
  7.17577617  1.72253115  1.43415704 -0.41691097 -5.06711185 -2.23575149
 -3.21686281 -1.3868741  -1.17066163 -0.86886631 -1.31690489 -6.24230515
 -1.86109792 -5.36660778 -4.20954677 -2.01372651 -2.07111609 -1.77838702
 -2.71150173 -0.71527041 -2.34066299 -1.14642571 -0.8628806  -1.19982191
  0.43281351 -2.87861268 -1.26094574 -1.05666815 -0.67250678 -0.92590349
 -1.39985931 -1.69248662 -1.83476275 -0.4017819  -0.1365127  -0.41734508
 -0.37898164 -1.0337376  -0.97033679]
-2.000 - [ 4.05160975  9.80962566  8.80498051  4.28130791  3.50602578  4.55428172
  8.59156576  2.31673307  0.40399448 -0.38276536 -5.72171027 -2.23236918
 -3.80658785 -1.47716255 -1.50182195 -1.16921123 -1.67922245 -7.09146063
 -2.1515021  -6.54380945 -4.51342417 -2.4290937  -2.60021951 -2.26000782
 -2.28354402 -0.90913342 -2.44908678 -1.4229675  -1.10876261 -1.46607759
  0.06270344 -2.89897452 -1.71313648 -1.54037047 -1.23962932 -1.12024073
 -1.1651397  -1.94290019 -2.07723811 -0.16563156 -1.20396183 -1.04966592
  0.35957974 -1.94169465 -1.5456289 ]
-2.000 - [  4.73343161  11.61040742   9.59232639   2.80299517   3.60475276
   5.55777753   9.79818863   2.02213316   1.56109025  -0.61782235
  -7.86777053  -2.91453109  -5.03878976  -1.83034595  -2.04092073
  -1.6456272   -2.21364373 -10.27399682  -1.36903032  -7.56967458
  -4.83718531  -2.68358386  -3.09796994  -2.65933073  -2.46012483
  -1.03128065  -2.57412769  -1.49141517  -1.41693963  -1.73484648
  -0.03094278  -2.76772567  -1.02833537  -1.66452702  -1.34419656
  -0.91745473  -0.84494963  -2.0293344   -2.42720477  -0.94046235
  -1.61390324  -1.42736021   0.60703531  -2.1483105   -1.93652936]
-2.000 - [  4.56747288e+00   1.11264558e+01   9.41097250e+00   3.18721035e+00
   3.58747452e+00   5.28414169e+00   9.47459058e+00   2.11370848e+00
   1.15377512e+00  -5.58193192e-01  -7.29524042e+00  -2.74573736e+00
  -4.71387950e+00  -1.74433379e+00  -1.90453515e+00  -1.52384604e+00
  -2.07666440e+00  -9.41157932e+00  -1.58100361e+00  -7.28595478e+00
  -4.74474730e+00  -2.61877218e+00  -2.96608448e+00  -2.55346280e+00
  -2.41943221e+00  -9.99086731e-01  -2.53982206e+00  -1.47847686e+00
  -1.33355648e+00  -1.66194757e+00   6.40260190e-03  -2.80948904e+00
  -1.20938834e+00  -1.62954896e+00  -1.31213988e+00  -9.79673643e-01
  -9.41047684e-01  -2.00622972e+00  -2.33188405e+00  -7.22143070e-01
  -1.55290486e+00  -1.30969621e+00   6.07359024e-01  -2.10582244e+00
  -1.85026371e+00]
-2.000 - [  4.68970414  10.99568914   9.36190685   3.5700222    3.57013578
   5.34221939   8.97211868   1.9991722    2.21614918  -0.55369141
  -7.11470442  -2.78298409  -4.69978888  -1.89557397  -1.91872695
  -1.5754021   -2.11599792  -9.30048988  -1.59913226  -7.319271
  -5.03945983  -2.74832491  -3.08649671  -2.6037347   -2.36090944
  -1.04533315  -2.5907822   -1.58637254  -1.40509774  -1.73551764
  -0.12754796  -2.82892406  -1.42979654  -1.71240358  -1.4396564
  -0.92650181  -0.91127579  -2.07029265  -2.41511732  -1.01200106
  -1.1595033   -1.42246018   0.45311549  -1.9035786   -1.80026652]
-2.000 - [ 4.31995946  9.31963785  8.80050355  5.2835695   4.45698134  5.08871091
  6.67298413  2.267732    0.93440687 -0.40131795 -5.30026803 -2.55289197
 -3.66605236 -1.94874553 -1.60002712 -1.30305192 -1.77777288 -6.38227929
 -2.41447021 -6.32893918 -5.60344809 -2.86770598 -2.99128371 -2.427409
 -2.24008262 -1.05219145 -2.58530252 -2.04569249 -1.22450974 -1.69910933
 -0.37519101 -3.31786919 -2.54482602 -1.85605785 -1.65945017 -1.16808425
 -1.09581257 -2.12429489 -2.58268899 -1.4544229   0.46706413 -1.50497572
  0.31545387 -0.9785737  -1.83876358]
-2.000 - [ 3.94641729  9.33157945  7.94362818  4.52892008  3.75877412  4.66277717
  7.42662269  1.97274041 -0.81512695 -0.3809749  -5.28474085 -2.38790586
 -3.40221588 -1.36277465 -1.41086534 -1.11705652 -1.66230134 -6.39197649
 -2.36356674 -6.07922375 -4.573624   -2.31933586 -2.53629341 -2.15407003
 -2.2976181  -0.70883091 -2.20835235 -1.49252996 -0.95877675 -1.49378471
 -0.13617846 -3.187289   -1.63040502 -1.90005405 -1.46475972 -1.22166713
 -0.99030425 -2.28876045 -2.15145751 -0.81202778 -0.94618213 -1.33451697
 -1.56918741 -1.00239413 -1.81887026]
-2.000 - [ 4.0658236   8.40179642  8.32657662  6.10127756  3.94206447  3.99432438
  5.97571228  1.90247072  1.62082666 -0.26064114 -3.89908005 -2.07681307
 -2.86802185 -1.72610359 -1.12404634 -0.88974632 -1.12905429 -5.13370077
 -2.55904263 -5.84487359 -5.13916272 -2.49589741 -1.99595472 -1.67711768
 -1.99213342 -0.64925456 -2.41799135 -1.35433774 -0.85888903 -1.05832381
 -0.16121556 -3.05434335 -2.13614356 -0.94629625 -0.66624478 -1.0584648
 -0.91366495 -1.179887   -1.18277458 -0.1937346   0.76497762 -0.10319941
 -0.17899442 -0.36358769 -0.10986833]
-2.000 - [ 2.43864128  6.9476981   5.36458934  5.07979493  2.98739451  5.37781798
  6.68497583  2.60509318  2.69041602 -0.35130637 -2.25275873  0.65236827
 -0.74226264  1.80822926 -0.86917629 -0.33713099 -0.7099196  -3.26837481
 -0.2959124  -2.07470471  2.72916906 -1.63747623 -1.4347931  -1.28715389
 -1.52490049 -0.08842584  0.29509934 -0.41893924 -0.09745701 -0.35875038
  0.62330769  1.88135201 -0.27955982 -0.16238226  0.067779    1.5038665
  0.33811003 -0.20547159 -0.68902865 -0.68928576 -3.0150058  -0.40571304
 -0.34877832  0.3009224  -0.48736095]
-2.000 - [  4.73343165  11.61040761   9.59232643   2.80299499   3.60475276
   5.55777766   9.79818877   2.0221331    1.00309919  -0.61782237
  -7.86777076  -2.91453113  -5.03878988  -1.83034595  -2.04092078
  -1.64562724  -2.21364378 -10.27399718  -1.36903021  -7.56967468
  -4.8371853   -2.68358388  -3.09796999  -2.65933078  -2.46012484
  -1.03128066  -2.57412768  -1.49141517  -1.41693967  -1.73484651
  -0.0309428   -2.7677256   -1.02833527  -1.66452703  -1.34419657
  -0.91745467  -0.84494956  -2.0293344   -2.42720481  -0.94046247
  -1.61390325  -1.42736026   0.60703524  -2.14831049  -1.93652937]
-2.000 - [  4.73343146  11.61040703   9.59232604   2.80299543   3.60475271
   5.55777747   9.79818829   2.02213309   1.00309922  -0.61782232
  -7.86777015  -2.91453089  -5.03878951  -1.83034583  -2.04092064
  -1.64562713  -2.21364368 -10.27399625  -1.36903032  -7.56967423
  -4.83718514  -2.68358383  -3.09796995  -2.65933071  -2.46012489
  -1.03128068  -2.57412765  -1.4914152   -1.41693963  -1.73484651
  -0.03094273  -2.76772552  -1.0283355   -1.66452706  -1.34419658
  -0.91745462  -0.84494972  -2.02933449  -2.42720486  -0.94046251
  -1.61390304  -1.42736025   0.60703504  -2.1483104   -1.93652932]
-2.000 - [ 1.10707202  1.58778796  4.45985584  9.17861169  3.67005534  3.49272403
  2.71968272  1.42989319  2.40793361  0.30122584  3.4037712   2.46947559
  2.43773167  2.48179168 -0.35739605  0.0584498  -0.46252361  6.0587115
 -3.05808888  0.63081735  3.09499865 -1.80499328 -1.31964414 -1.06808543
 -1.57602519 -0.1821746   0.25367813 -1.18250724 -0.06183782 -0.72185284
  1.10523923  1.12451941 -2.53039666 -1.71798152 -0.64675587  0.67058614
 -1.02749356 -2.1643423  -0.55797255 -0.55671715 -6.18083116 -0.64064972
 -1.44745712  1.3571425   0.30918838]
-2.000 - [  4.73343165  11.61040761   9.59232643   2.80299499   3.60475276
   5.55777766   9.79818877   2.0221331    1.00309919  -0.61782237
  -7.86777076  -2.91453113  -5.03878988  -1.83034595  -2.04092078
  -1.64562724  -2.21364378 -10.27399718  -1.36903021  -7.56967468
  -4.8371853   -2.68358388  -3.09796999  -2.65933078  -2.46012484
  -1.03128066  -2.57412768  -1.49141517  -1.41693967  -1.73484651
  -0.0309428   -2.7677256   -1.02833527  -1.66452703  -1.34419657
  -0.91745467  -0.84494956  -2.0293344   -2.42720481  -0.94046247
  -1.61390325  -1.42736026   0.60703524  -2.14831049  -1.93652937]
-2.000 - [  4.73343165  11.61040761   9.59232643   2.80299499   3.60475276
   5.55777766   9.79818877   2.0221331    1.00309919  -0.61782237
  -7.86777076  -2.91453113  -5.03878988  -1.83034595  -2.04092078
  -1.64562724  -2.21364378 -10.27399718  -1.36903021  -7.56967468
  -4.8371853   -2.68358388  -3.09796999  -2.65933078  -2.46012484
  -1.03128066  -2.57412768  -1.49141517  -1.41693967  -1.73484651
  -0.0309428   -2.7677256   -1.02833527  -1.66452703  -1.34419657
  -0.91745467  -0.84494956  -2.0293344   -2.42720481  -0.94046247
  -1.61390325  -1.42736026   0.60703524  -2.14831049  -1.93652937]
-2.000 - [ 3.81823106  8.05136458  6.94842919  5.93368657  3.12365082  3.20031659
  4.46088416  1.20556213  5.07151045 -0.24540042 -2.88674267 -2.15479678
 -2.41826338 -1.75664118 -1.41104455 -1.6043205  -1.76753999 -1.4829326
 -3.51974566 -5.03997449 -4.38479289 -2.67447546 -3.1549269  -2.07078808
 -2.79996745 -1.35373457 -2.47096741 -2.12934467 -1.90201092 -1.92610931
 -0.189919   -2.97720043 -2.82793852 -3.10762822 -1.36587683 -1.42246568
 -1.18429109 -2.66118421 -1.91702301  0.15464489 -0.63282035 -0.72309185
 -2.61343363 -1.07986822  2.48436539]
-2.000 - [  3.95739853  10.54786318   8.70649917   4.14034046   3.27703612
   4.98604955   7.83803606   1.71400104   1.30990114  -0.43210383
  -5.94667229  -2.15967122  -3.73471491  -1.49089355  -1.74747812
  -1.41580559  -1.87394411  -6.39270643  -2.03253773  -5.98324778
  -4.31174749  -2.68821524  -2.8046021   -2.34681116  -2.99723221
  -1.2282146   -2.66668062  -1.81254703  -1.42714808  -1.74440996
   0.235577    -2.77928186  -1.80927356  -1.660893    -1.10703919
  -1.03848064  -1.22934802  -1.94913674  -2.26134399  -0.92943762
  -0.65677831  -0.88807024   0.10404582  -1.57701502  -1.31384415]
-2.000 - [ 4.41172578  5.31475377  8.63099437  8.79869811  6.53662965  3.36405619
  1.22682454  2.11269402  1.2440302  -0.20792333 -0.99980346 -2.67908106
 -1.57593482 -2.75689179 -1.19789315 -0.9972929  -1.30631429  0.29015145
 -4.15672996 -3.9142324  -7.01126171 -3.28431152 -2.84779985 -2.03023969
 -2.05467174 -0.978196   -2.57489007 -3.12839081 -0.81467302 -1.55393053
 -0.3863665  -4.98812654 -4.7016304  -2.05946236 -1.91722431 -2.13087565
 -1.95353597 -2.25705972 -2.72346889 -1.56488264  2.65634139 -1.25103545
  2.55774174  0.53540946 -1.99317906]
-2.000 - [ 5.10566625  8.00978517  9.00276414  7.71933734  3.71778554  4.1697451
  4.72220293  1.09127351  1.83061132 -0.33381809 -3.43619987 -2.7777627
 -3.28763492 -2.78170292 -1.50121572 -1.68816869 -2.06110399 -4.42639055
 -2.8712279  -6.09180667 -6.53652386 -3.17169411 -3.84640969 -2.58601178
 -2.03863172 -1.06881692 -2.79760355 -2.18435682 -1.85123714 -1.99598066
 -0.35168245 -3.77926805 -3.30720029 -3.1130555  -1.97236161 -1.40952261
 -1.55022035 -3.3545579  -2.67973738 -0.81985943 -1.10212598 -1.45144877
 -0.83623575 -1.20894109  0.93786356]
-2.000 - [  4.72192014  11.57775787   9.56977624   2.82666541   3.60187052
   5.54716243   9.7715065    2.02178426   1.00530056  -0.6150907
  -7.83336528  -2.9004193   -5.01740364  -1.82245707  -2.03331331
  -1.63928726  -2.2078698  -10.22163374  -1.37466055  -7.54310509
  -4.82539923  -2.68028832  -3.09517676  -2.65570936  -2.46220349
  -1.03201156  -2.57093191  -1.4930366   -1.41465812  -1.7344552
  -0.02708898  -2.76083302  -1.03991088  -1.66558302  -1.34425092
  -0.91352524  -0.85304155  -2.03392641  -2.42984473  -0.94298751
  -1.60374182  -1.42660712   0.59554355  -2.14229106  -1.93346066]
-2.000 - [  4.73343165  11.61040761   9.59232643   2.80299499   3.60475276
   5.55777766   9.79818877   2.0221331    1.00309919  -0.61782237
  -7.86777076  -2.91453113  -5.03878988  -1.83034595  -2.04092078
  -1.64562724  -2.21364378 -10.27399718  -1.36903021  -7.56967468
  -4.8371853   -2.68358388  -3.09796999  -2.65933078  -2.46012484
  -1.03128066  -2.57412768  -1.49141517  -1.41693967  -1.73484651
  -0.0309428   -2.7677256   -1.02833527  -1.66452703  -1.34419657
  -0.91745467  -0.84494956  -2.0293344   -2.42720481  -0.94046247
  -1.61390325  -1.42736026   0.60703524  -2.14831049  -1.93652937]
8.000 - [ 4.01364115  5.01633978  7.93981563  8.95816946  6.35194774  3.67591744
  0.90531398  2.21475924  1.1551624  -0.15844812 -0.69993526 -2.21781632
 -1.25016173 -2.36080429 -1.05068469 -0.8747489  -1.16887436  0.50645286
 -3.99801546 -3.67067605 -6.4976199  -3.20555807 -2.77817871 -1.96859773
 -1.94287698 -0.96357969 -2.36144226 -3.02243539 -0.78565899 -1.52378453
 -0.55543814 -4.42754105 -4.69372735 -2.01636053 -1.92271125 -1.73497065
 -1.67801501 -2.14411864 -2.6975482  -1.92363035  3.11459852 -1.33967981
  1.49563827  0.97483801 -1.76295679]
6.000 - [ 2.6462463   5.68704247  4.87382845  7.22833433  2.09078477  1.42345261
 -0.03256461  0.25420895  2.99091673 -0.19951612 -0.55249659 -1.16992005
 -0.22090053 -1.09800135 -1.03255581 -0.95108673 -0.93922487  4.09762613
 -3.19899333 -0.96242171 -2.68175505 -2.43465575 -1.61823889 -1.00214541
 -4.40104378 -1.61638831 -2.56495156 -2.49592495 -1.36152656 -1.56704152
  1.0208462  -3.24858595 -2.90013826 -1.25438536  0.39295089 -1.31811998
 -2.00728174 -1.16776104 -1.26007388 -1.07842897  2.9213828   1.28689358
 -1.63777187  1.38305618  1.59533893]
-2.000 - [ 4.46085515  8.46906902  8.93044533  6.92640081  3.57066071  4.35257712
  6.15543038  2.0531913   1.2123518  -0.26084248 -4.06599768 -2.179936
 -3.31407618 -2.16603448 -1.48140914 -1.30680323 -1.76622313 -4.96806855
 -2.75243692 -6.26706767 -5.91100882 -3.07387017 -3.08802754 -2.4510046
 -2.01559873 -1.15725771 -2.80757015 -2.09709385 -1.38126509 -1.78015937
 -0.32808591 -3.27317132 -3.28743945 -1.97562971 -1.60286591 -1.20437303
 -1.44476343 -2.35746008 -2.33724026 -0.91647887  0.24098185 -1.1238013
  0.51514937 -1.08531367 -1.12006213]
-2.000 - [ 4.87129333  8.69458032  9.68941818  6.69640866  3.82259677  3.89263795
  6.45932154  2.161492    1.42802313 -0.32297929 -4.33667261 -2.63632698
 -3.60871522 -2.55159983 -1.65146508 -1.44438219 -1.9182846  -5.10234135
 -2.90048574 -6.40824677 -6.31424626 -3.15396138 -3.15233652 -2.5073624
 -2.15622897 -1.16175598 -2.98091279 -2.21355334 -1.39485055 -1.79682692
 -0.09854502 -3.80814334 -3.25038948 -1.99975134 -1.57151153 -1.60640666
 -1.74285197 -2.45275537 -2.35420136 -0.40855436 -0.36259401 -0.9805487
  1.80077735 -1.52128442 -1.44884556]
-2.000 - [ 4.35936602  8.66614703  9.37743002  5.9598625   4.87465124  4.72006756
  6.38232184  2.34036286  1.00100017 -0.33278981 -4.60659285 -2.56945778
 -3.37169022 -2.17621866 -1.60326745 -1.28415574 -1.76275962 -4.81388334
 -3.07907691 -5.96468557 -6.05104661 -3.03030998 -3.03949077 -2.45049013
 -2.42577939 -1.1179394  -2.80743249 -2.38043725 -1.20893289 -1.73817831
 -0.19302747 -3.79283185 -3.17279005 -1.98976576 -1.79869814 -1.62836989
 -1.5582461  -2.31585554 -2.68862594 -1.11866652  0.37194826 -1.49607925
  1.44277553 -1.18119511 -2.17716198]
-2.000 - [ 2.1169939   4.88944387  4.27613754  4.91076281  3.42838532  3.68131248
  4.73819111 -0.44701921  1.29142608 -0.10826449 -1.54430481 -1.11574874
 -0.10331201 -0.19285016 -0.40342136 -0.13534383 -0.6838209   0.38091341
 -4.19539224 -1.07229382 -3.15937313 -1.56467904 -1.46267015 -1.13575324
 -3.56402828 -0.3244668  -1.91719466 -1.69691385 -0.2901986  -1.16356934
  1.00395178 -2.43692682 -1.6080698  -1.81260146 -1.03765402 -1.27963645
 -2.11453172 -2.81123875 -2.08325911 -1.79564405  0.37075769 -0.86596942
 -5.8203772   1.88563704 -0.40280519]
-2.000 - [ 0.74007842  1.99074875  5.1470102   7.40838457  4.08726933  3.54264487
  3.61796116  2.0894678   1.97914401  0.27708038  1.94905088  1.41526437
  1.90035918  1.55379808 -0.29259018  0.0485586  -0.44249965  5.35037012
 -4.80243714 -0.21484417  0.15019988 -1.82644171 -1.48583871 -1.21471134
 -2.87793056 -0.40277318 -0.49340278 -1.84265561 -0.03862983 -0.94659988
  0.65680083 -0.84433017 -2.91808086 -2.19417617 -1.49302256 -0.67374547
 -1.38363754 -2.57071136 -1.53768991 -0.59948314 -2.69365921 -1.32807861
 -2.67750369  1.27349129 -1.23151385]
-2.000 - [ 2.599934    5.07384116  5.03661139  4.90606531  3.64742213  3.631209
  4.68435747  0.14192446  1.31045342 -0.17471246 -1.77286477 -1.61493426
 -0.39947201 -0.58637513 -0.59734943 -0.29581423 -0.84449063  0.34169304
 -4.37055116 -1.19442981 -3.52007477 -1.67901232 -1.55079927 -1.19226392
 -3.69500959 -0.35335948 -2.06935752 -1.8427054  -0.31716114 -1.18318298
  1.20249763 -2.90671177 -1.68193846 -1.85974523 -1.01562256 -1.63255689
 -2.42206799 -2.92399134 -2.09659415 -1.63497773 -0.52207065 -0.79287188
 -3.88917137  1.63370806 -0.66096296]
-2.000 - [  4.60461586  11.00059459   9.43052249   3.6394057    3.57753716
   5.38455978   9.16991064   2.04420069   1.01793899  -0.53425583
  -7.1295252   -2.69549956  -4.67648995  -1.83714524  -1.91687642
  -1.56209092  -2.1129495   -9.22544864  -1.64455434  -7.31901309
  -5.00551495  -2.75412861  -3.09581779  -2.62547438  -2.3671101
  -1.06602469  -2.62363575  -1.60668468  -1.41487814  -1.75042828
  -0.09846283  -2.823021    -1.49792963  -1.73400844  -1.4166507
  -0.95218803  -0.95313869  -2.09989797  -2.42562136  -0.95426135
  -1.22365088  -1.40061829   0.48626332  -1.96532609  -1.79472334]
-2.000 - [  4.5734762   10.28703096   9.3455681    4.58734122   3.59175417
   5.07329363   8.35851808   2.06482674   2.77316423  -0.45596257
  -6.2689915   -2.55933916  -4.29911594  -1.94397132  -1.80219252
  -1.49495233  -2.02236671  -7.99445026  -1.98116061  -7.02494958
  -5.28257394  -2.85213595  -3.09933372  -2.5829694   -2.27555307
  -1.09688323  -2.69305811  -1.7588742   -1.40797046  -1.76289128
  -0.14524993  -2.98257785  -2.02447507  -1.80929812  -1.47584251
  -1.0534168   -1.1208382   -2.18558167  -2.40760498  -0.90285116
  -0.85494861  -1.32038817   0.5782844   -1.75733315  -1.63612126]
-2.000 - [  4.38964184e+00   1.08187049e+01   9.12193636e+00   3.92427614e+00
   3.52927599e+00   4.88755635e+00   8.46341328e+00   1.93982874e+00
   1.75988975e+00  -4.68233569e-01  -6.32086152e+00  -2.59209735e+00
  -4.21394406e+00  -1.80190784e+00  -1.86087681e+00  -1.54052006e+00
  -2.01112604e+00  -7.36838898e+00  -2.17486763e+00  -6.80241748e+00
  -4.78354006e+00  -2.74623108e+00  -2.92957703e+00  -2.46580622e+00
  -2.56475342e+00  -1.17367471e+00  -2.65223285e+00  -1.77330164e+00
  -1.42278346e+00  -1.74349046e+00   3.33331927e-03  -2.93212125e+00
  -1.78673028e+00  -1.79388221e+00  -1.27387822e+00  -1.18780459e+00
  -1.11316448e+00  -2.01071092e+00  -2.22368458e+00  -4.91568250e-01
  -1.24913269e+00  -1.03318998e+00   5.28698408e-01  -1.93116645e+00
  -1.58971135e+00]
-2.000 - [ 1.68645474  3.67439971  5.13243624  9.4325602   2.86896146  1.30753708
  4.51301607  2.92009184  3.39860249  0.51432794  1.68778065  0.65264541
  0.62437052  0.12568511  0.57570357  0.64128106  0.29737588  3.43869998
 -4.62267126 -3.19018294 -3.300537   -1.4480028  -0.85446547 -0.89689116
 -1.47994729 -0.46899908 -1.94719858 -1.0027725  -0.07540384 -0.56523658
  0.02792758 -2.92225824 -4.01061823 -1.12869226 -0.9745002  -1.43439845
 -1.8552118  -1.58403702 -1.12341385  2.07070952  1.64477858  0.02825974
 -2.53948602 -1.59886782 -1.30844071]
-2.000 - [ 1.23033437  1.08754327  1.0342106   8.38562448  3.21840085  3.40358232
  1.85148     2.85523498  2.70446907  0.07286109  4.07702486  2.92881199
  2.2441044   2.81079959 -0.04920961  0.20872836 -0.42134636  6.10692629
 -1.21116327  1.27311271  4.91567319 -1.64441149 -1.91855024 -1.40178965
 -0.96365157 -0.45858991  1.26535148 -1.19280589  0.04272889 -0.69194151
  0.50352921  3.03362716 -2.99588027 -1.34977322 -0.87865489  2.01233065
 -0.78298999 -1.58508015 -1.57200957 -0.94486245 -3.09312315 -1.37049455
 -1.1420105   0.46026148 -1.09109687]
-2.000 - [ 1.76969064  3.69258995  5.26299961  9.42646906  2.90736211  1.29213704
  4.5152116   2.9673151   3.43447468  0.50162591  1.65767241  0.56886978
  0.58062326  0.06347827  0.54332686  0.61468547  0.26948969  3.45255997
 -4.65083338 -3.1928131  -3.34106498 -1.46453962 -0.86460001 -0.90458181
 -1.50529291 -0.4734133  -1.96606136 -1.02754904 -0.07637743 -0.56648801
  0.06780102 -2.99152883 -4.0190581  -1.13171268 -0.96712876 -1.48992865
 -1.90837682 -1.59776492 -1.12311858  2.11936138  1.47286206  0.04358191
 -2.28955922 -1.65288079 -1.37228096]
-2.000 - [ 5.04672795  4.47112427  8.57249733  7.99836302  4.2977013   1.36384024
  1.43608921  1.34349034  3.03054876 -0.26392599  0.59360411 -1.72529036
 -1.10826569 -2.41552863 -1.32378996 -1.21459798 -1.50457519  1.34458689
 -2.84724534 -2.90258665 -4.55589476 -3.37383529 -2.81148166 -1.94252909
 -1.89565205 -0.64898008 -1.93373853 -2.48231715 -0.92255379 -1.34401425
  0.45175249 -2.93381352 -3.62103315 -1.52587998 -0.85283488 -1.12308174
 -1.92207225 -1.87973517 -1.56436446  0.06492686 -0.23584005  0.19682081
  3.75707274  0.62718648 -0.27220301]
2.000 - [  5.33484087e+00   1.25635649e+01   2.29297827e+01  -2.25306211e+00
   3.17647665e+00   7.87573862e+00   1.20580424e+01   3.18988682e+00
   7.45609142e-01  -6.46515597e-01  -9.24648924e+00  -2.98937751e+00
  -6.44208052e+00  -1.24747706e+00  -2.04633931e+00  -1.51851752e+00
  -2.10152866e+00  -1.20279223e+01  -1.63986865e+00  -8.98310023e+00
  -3.69625643e+00  -2.63285583e+00  -2.96576198e+00  -2.54068203e+00
  -2.46428943e+00  -1.31786399e+00  -2.18372474e+00  -3.97722922e-01
  -8.58664904e-01  -1.03922763e+00   2.10369469e+00  -8.58268134e-01
   4.19234435e-01   1.09720758e-01   2.14212544e-01  -6.12642351e-01
   1.01054076e-02  -1.42589786e+00  -1.69767639e+00  -1.60793087e+00
  -1.68610653e+00  -1.36040613e+00   8.79341622e-01  -1.10538856e+00
  -1.77705948e+00]
-2.000 - [  4.73343162  11.6104075    9.59232636   2.80299509   3.60475275
   5.55777762   9.79818867   2.0221331    1.00309919  -0.61782236
  -7.86777065  -2.91453109  -5.03878981  -1.83034594  -2.04092075
  -1.64562722  -2.21364376 -10.273997    -1.36903023  -7.56967461
  -4.83718529  -2.68358387  -3.09796999  -2.65933077  -2.46012485
  -1.03128067  -2.57412768  -1.49141517  -1.41693966  -1.73484651
  -0.03094279  -2.7677256   -1.02833532  -1.66452704  -1.34419657
  -0.91745467  -0.8449496   -2.02933442  -2.42720482  -0.94046247
  -1.6139032   -1.42736026   0.6070352   -2.14831048  -1.93652936]
-2.000 - [  4.73316231  11.60960851   9.59177841   2.8035059    3.60469206
   5.55751236   9.79753651   2.02213286   1.0031866   -0.61776634
  -7.86691976  -2.9141658   -5.0382499   -1.83011291  -2.04075553
  -1.64548045  -2.21351051 -10.27269463  -1.36914538  -7.56895139
  -4.83675585  -2.68350397  -3.09789239  -2.65923652  -2.46016317
  -1.03128862  -2.57399906  -1.49145178  -1.41686983  -1.73481888
  -0.03081311  -2.76748124  -1.02856812  -1.66452297  -1.34416712
  -0.91732696  -0.84513363  -2.02940803  -2.42724177  -0.94051211
  -1.61380696  -1.42732944   0.60689667  -2.14815238  -1.9364707 ]
-2.000 - [  5.10809631  10.55225951  10.04081745   3.93751604   4.04850893
   4.25154879   8.79118942   2.35272397   0.96470317  -0.55438995
  -6.58377962  -3.29215219  -4.73087176  -2.40836693  -1.95424469
  -1.62309546  -2.23609629  -8.10248516  -2.203201    -7.21252773
  -5.60509219  -2.75456722  -3.16409844  -2.65294476  -2.4810122
  -1.09502342  -2.80510409  -1.82179632  -1.35352514  -1.78067147
   0.19694028  -3.8065857   -1.90022793  -1.9703273   -1.51031912
  -1.69064972  -1.68986183  -2.51952825  -2.55056386  -0.08739005
  -2.19035392  -1.30777473   2.46373035  -2.98251623  -2.6144451 ]
-2.000 - [  4.29479188   8.99581726   9.08134004   4.5444418    3.70913272
   3.49609223  13.70425676   0.99963827   1.62398586  -0.3823075
  -4.78972652  -2.48491628  -3.4398426   -2.12459429  -1.42548255
  -1.1060981   -1.56351856  -5.53618595  -2.55354454  -5.93689724
  -4.43621592  -2.33830808  -2.33814743  -2.03537297  -2.33545184
  -0.79986598  -2.36853621  -1.45523493  -1.06039783  -1.26725608
   0.38693709  -3.32009066  -2.30931083  -1.39331797  -1.05973102
  -1.72635425  -1.67305863  -1.86634009  -1.79737043   3.43102861
  -1.27565041  -1.16096273  -0.59093238  -1.27798809  -2.18402024]
-2.000 - [  4.67167599e+00   1.13342306e+01   9.32137739e+00   2.89376991e+00
   3.64755015e+00   5.42416012e+00   9.48505596e+00   2.02705746e+00
   1.16452885e+00  -6.08780033e-01  -7.61432538e+00  -2.90749821e+00
  -4.87382482e+00  -1.82300565e+00  -1.97042542e+00  -1.58771317e+00
  -2.15826208e+00  -9.87621962e+00  -1.46657876e+00  -7.31139721e+00
  -4.84059049e+00  -2.63938541e+00  -3.06595228e+00  -2.61462695e+00
  -2.46943699e+00  -1.02639588e+00  -2.55588688e+00  -1.52686050e+00
  -1.37571905e+00  -1.72577258e+00  -1.20758911e-03  -2.80646400e+00
  -1.10251356e+00  -1.68151873e+00  -1.35728276e+00  -9.43320920e-01
  -9.38465091e-01  -2.08314966e+00  -2.48751885e+00  -9.77612956e-01
  -1.40565532e+00  -1.43311977e+00   5.42652118e-01  -2.08300839e+00
  -1.98600334e+00]
-2.000 - [ 4.43020431  7.43114896  8.81261434  8.32663182  3.59290636  3.87989492
  4.9446292   2.08035419  1.02747329 -0.14648357 -2.8059576  -2.00146325
 -2.77147156 -2.34479585 -1.31289392 -1.21075604 -1.63486196 -3.17621078
 -3.2562024  -5.85483107 -6.359988   -3.22075622 -3.09579528 -2.38884687
 -1.8819232  -1.20373865 -2.92002945 -2.32331691 -1.37311731 -1.80041931
 -0.40332189 -3.53545322 -4.06723692 -2.0900695  -1.69132051 -1.36616284
 -1.69557442 -2.48869392 -2.31139926 -0.84074494  0.80365519 -1.00156936
  0.6547977  -1.10262096 -1.07687582]
-2.000 - [  4.29479188   8.99581726   9.08134004   4.5444418    3.70913272
   3.49609223  13.70425676   0.99963827   1.62398586  -0.3823075
  -4.78972652  -2.48491628  -3.4398426   -2.12459429  -1.42548255
  -1.1060981   -1.56351856  -5.53618595  -2.55354454  -5.93689724
  -4.43621592  -2.33830808  -2.33814743  -2.03537297  -2.33545184
  -0.79986598  -2.36853621  -1.45523493  -1.06039783  -1.26725608
   0.38693709  -3.32009066  -2.30931083  -1.39331797  -1.05973102
  -1.72635425  -1.67305863  -1.86634009  -1.79737043   3.43102861
  -1.27565041  -1.16096273  -0.59093238  -1.27798809  -2.18402024]
-2.000 - [ 3.40655876  5.03946273  4.50613508  2.99810627  2.04999606  3.02395736
  4.87307935  1.147488    1.64029702 -0.91929141 -4.48232705 -2.32815478
 -2.56439016 -1.4622376  -0.36088127 -0.73004386 -1.01292907 -3.96433632
  0.15269687 -1.9685304  -1.74999098 -0.30965474 -1.60186012 -1.37805921
 -1.30532379  0.03044378 -1.15413723  0.26941161 -0.72945265 -0.95520026
  0.63573914 -0.65093342  0.42773899 -1.14537266 -0.28460394  0.22079475
 -0.92014955 -1.70781533 -1.723963    0.10063893 -3.89203211 -0.76922355
 -1.06629174 -0.54652605  0.03542347]
5.000 - [ 3.61168599  1.68547288  2.78751783  0.99729222  1.05929144  0.99483831
  1.00003368  0.98935711  1.67350559 -1.31365133 -3.77124832 -2.70345432
 -1.99880906 -2.01647607 -1.26392364 -1.07278075 -1.13732949  1.10542925
  0.6751727   0.80686594 -0.13490096 -0.78449708 -0.80120713 -0.03215167
 -2.22521698 -1.02744021 -1.10873825 -1.0219537  -1.05723398 -0.903955
  0.68738169 -0.37701372  0.57373901 -0.14318713  1.93494404  0.22471205
 -0.48441218  0.30747437  0.56962683 -0.96154086 -0.73868358  0.97255692
  1.04164588  1.66651263  1.20787549]
-2.000 - [ 2.28440994  1.7788083   1.13263703  0.52993336  0.92963304  0.92307253
  2.06819181  0.84736203  2.82722709 -1.31992257 -2.20706615 -1.14128004
 -0.32711323 -0.16618247  0.53130183  0.66142953  0.56727579 -1.75490283
  2.89170342  2.82443012  3.0356092   1.35426133  1.28085684  1.33572693
 -0.10237502  0.98508421  1.13796863  1.80541067  0.9660048   1.01010779
  1.18728844  2.49319791  3.15298967  2.03571785  2.81045182  2.35871084
  0.23470275  1.32825924  1.70867701  0.55304137 -1.7473258   2.07730375
 -1.00770814  2.17735254  2.39700849]
-2.000 - [ 3.88419984  7.74703894  6.79703839  2.68095489  2.64734325  4.19961381
  7.044374    1.67847031  1.47071697 -0.75751796 -5.83858138 -2.4691518
 -3.55111972 -1.5662328  -1.07358348 -0.78558713 -1.22958311 -6.37491942
 -0.62137533 -4.33265437 -3.07036689 -1.3648129  -1.63531023 -1.34859792
 -1.84570303 -0.45957849 -1.81278415 -0.54152736 -0.66325397 -0.89839733
  0.36746779 -1.53071477 -0.34776203 -0.60328018 -0.18397318 -0.29186215
 -0.93812917 -1.19228674 -1.15811135 -0.34409379 -1.26229775 -0.24595028
  0.16391132 -0.96917682 -0.64726127]
-2.000 - [ 3.88270474  7.74534688  6.79682818  2.68087876  2.64731775  4.19941347
  7.04423718  1.67850214  1.47111558 -0.75752575 -5.83669399 -2.46694511
 -3.54902067 -1.56428505 -1.07338249 -0.78529093 -1.22922867 -6.37262594
 -0.62027302 -4.32948029 -3.06608295 -1.364485   -1.63490436 -1.34827613
 -1.84528167 -0.45939012 -1.81121314 -0.54121349 -0.66296736 -0.89808052
  0.36795858 -1.52764784 -0.34675731 -0.60268613 -0.18345233 -0.29007443
 -0.93715854 -1.19140955 -1.15773789 -0.34420796 -1.26365077 -0.24585731
  0.16356941 -0.96846412 -0.6469504 ]
-2.000 - [ 2.9129899   2.65069471  3.92395218  4.35433672  2.87594063  2.29531884
  2.20092813  1.94123333  2.77358478 -0.43925072  1.60956391 -2.49041173
  0.95303976  0.50997123  0.83300267  0.83250344  0.54721008  2.78276187
 -2.66061991  0.41846661  1.85337382  0.22422837  0.689233    0.37062225
 -1.53411518  0.70520003  0.92804236  0.98564806  0.96467227  0.57921494
  0.7625428   1.1206394  -0.22361201  0.71853021  0.80972597  1.3989535
  0.37697144  0.68933813  0.31383565  1.23939507 -1.11911473  0.80443011
 -2.33378503 -0.62192739 -0.42579687]
-2.000 - [ 3.71520462  4.83955444  4.89154577  8.28844573  2.9055335   3.74462614
  3.34078153  2.14226327  1.56995915 -0.33679919 -0.69043887 -3.67067293
 -1.10407685 -1.12297956  0.49476255  0.43389829 -0.13539653 -0.06377811
 -3.91037154 -2.95363599 -2.5721938  -0.37909844 -0.08717799 -0.54313974
 -1.53248734 -1.24021195 -0.86763055  0.38105228  0.39401348 -0.2617221
 -0.89054344 -1.72087125 -1.4985215  -0.15901709 -0.53725446  1.19069139
 -0.36528945 -0.16753338 -0.71531388  1.1040584   0.60327634 -0.8012101
 -2.45971734 -2.26085083 -1.78687338]
-2.000 - [ 4.1156126   7.44573432  7.51228289  5.28441132  2.55177249  3.99718543
  6.87934358  1.74028927  0.9943654  -0.71867787 -5.29573605 -2.56432363
 -3.39920861 -1.53259218 -1.18691058 -0.90290502 -1.61083034 -5.78458173
 -0.75780254 -5.4493146  -4.22435769 -1.62742138 -1.92064939 -1.79184867
 -2.61673993 -1.465139   -2.21302702 -0.99000529 -0.80181709 -1.42776666
 -1.15142087 -2.96659219 -0.85864103 -0.92376696 -1.15423587  1.25160624
 -0.09933767 -0.8982379  -1.66320067 -0.4419067   0.00949234 -1.17806848
 -0.51649011 -1.49147746 -1.40174277]
-2.000 - [ 2.13186899  3.26081299  4.31990771  4.91409507  2.83311414  2.71070692
  3.39542716  2.98837737  1.91521727 -0.2558224   0.08422391 -3.17063913
  0.36348282 -0.10997101  0.89703255  0.97228601  0.61429016  3.24163191
 -4.95307465 -0.76908796 -1.63454249 -0.15351518  0.29510375 -0.05117118
 -2.06563719  0.30928992 -0.39894767 -0.3164989   0.98093331  0.1954243
  0.21728085 -1.82382193 -1.94507723 -0.13881751 -0.69429925 -0.55573666
 -0.49032558 -0.13405207 -1.09567666  1.53196403  2.46397557 -0.22280502
 -2.24749728 -1.86832854 -2.80558847]
-2.000 - [  4.38482085  10.25195931   8.82953656   3.38318248   3.40220178
   5.16328933   8.71774437   1.95793768   1.15423874  -0.56633629
  -6.63990178  -2.89173658  -4.18814278  -1.60533377  -1.59805299
  -1.24521664  -1.80047913  -8.13211009  -1.75234412  -6.2744567
  -4.28107768  -2.26390065  -2.54690613  -2.22712484  -2.64240601
  -0.86506156  -2.39771565  -1.24501352  -1.12905285  -1.47559117
   0.29342968  -2.48865579  -1.08616843  -1.32065921  -1.04286983
  -0.80438192  -1.04893013  -1.80287223  -2.19477037  -0.6493008
  -1.17813866  -1.07078666   0.28050831  -1.99488581  -1.78537157]
-2.000 - [ 4.13677031  2.10767534  2.33771366  3.55280265  2.28164114  2.9080344
  2.03320294  1.01009463  1.48926972 -1.0062746  -2.23597122 -2.6460737
 -2.74507456 -2.39567322 -0.04128139 -0.51741724 -1.07553455 -1.61473546
  0.08987706 -2.67512159 -2.23649415 -0.51814997 -2.07807678 -1.03828126
  0.82598371 -0.35489248 -0.23652007  0.02167235 -0.51236851 -1.02333619
 -1.64465174  0.38484802 -1.84831754 -2.07745266 -1.01619264  1.50024646
 -0.13965851 -2.48853873 -1.02461618 -2.06047812 -2.80781585 -0.96336605
 -2.43097199 -1.2418257  -1.09652037]
-2.000 - [ 3.98601869  2.05852122  2.02393152  3.53319321  2.18799948  3.02395211
  1.92913484  1.00407932  0.99945852 -0.98427162 -2.18278334 -2.48317457
 -2.66491824 -2.26675043  0.02109356 -0.46681476 -1.02125547 -1.63853058
  0.15142371 -2.66647211 -2.13111877 -0.48442142 -2.05360057 -1.01871755
  0.88358572 -0.34930266 -0.18837433  0.0730036  -0.50915635 -1.01967782
 -1.73693591  0.55234857 -1.83708663 -2.06750935 -1.0315656   1.63217967
 -0.02254473 -2.45381006 -1.02317731 -2.20224424 -2.51231105 -1.0056884
 -2.91377352 -1.10969855 -1.01864659]
-2.000 - [ 4.24634363  9.61714983  8.3169306   3.47253993  3.29749776  4.89421432
  8.06928224  1.87396337  1.313235   -0.58570606 -6.01550739 -2.87958913
 -3.70479898 -1.39810089 -1.38764545 -1.05116948 -1.58454117 -7.2621636
 -1.73150087 -5.43185041 -3.64167877 -1.99440086 -2.21424742 -1.95321307
 -2.6435398  -0.7242365  -2.11458069 -1.03401499 -0.9390513  -1.28435902
  0.48323768 -2.11885679 -0.84475287 -1.04469099 -0.76908637 -0.56794617
 -1.00123504 -1.55659276 -1.99328745 -0.5494258  -1.09701772 -0.85005822
  0.09023201 -1.76236853 -1.60345293]
-2.000 - [ 4.70796212  2.60769156  4.92494353  4.91700494  1.00043552  4.2831392
  0.9999346   1.00511331  1.12325193 -0.9642438  -2.47839131 -2.55004447
 -2.77854566 -3.06480648 -0.66863963 -1.00563282 -1.22751808 -2.09072472
 -0.0381256  -2.91009104 -3.84925287 -2.06720589 -2.25959342 -1.1429993
  0.67291569 -0.82974704 -0.98223401 -1.06437656 -1.00535633 -1.12409615
 -1.94156335  0.91393701 -2.86476756 -1.12132928 -0.42699049  2.10184399
  0.38819219 -1.01627442 -0.01999061 -3.802408   -0.98990534 -0.44895206
 -0.99518706  0.71571258  0.99702471]
8.000 - [ 4.9420384   2.70716803  5.38998236  4.90853214  1.15884696  4.0134821
  1.21795197  1.03294889  2.13671706 -0.99527364 -2.58062346 -2.81149697
 -2.91969371 -3.28550059 -0.76134948 -1.08203413 -1.3092638  -2.09267828
 -0.15056757 -2.96455125 -4.0816023  -2.11849114 -2.30053703 -1.17531092
  0.58521858 -0.82955457 -1.08205212 -1.13682744 -1.01262022 -1.13258135
 -1.79993879  0.60032233 -2.86655053 -1.14340078 -0.40946529  1.86424367
  0.20777441 -1.0813281  -0.02863174 -3.51141342 -1.33778236 -0.35246352
 -0.28727053  0.51378437  0.88824666]
-2.000 - [ 4.1145292   7.44411865  7.5116264   5.28410815  2.55208156  3.99692071
  6.87884959  1.74029615  0.99519377 -0.71872884 -5.29408757 -2.56257473
 -3.3975011  -1.53090187 -1.18676552 -0.90265222 -1.610535   -5.78227428
 -0.75677087 -5.44665348 -4.22059988 -1.62710343 -1.92027617 -1.79150556
 -2.61642911 -1.46493734 -2.21165524 -0.98973561 -0.80153101 -1.42745134
 -1.15094504 -2.96397052 -0.85777148 -0.9232187  -1.15374467  1.25310445
 -0.09854605 -0.89745582 -1.66281171 -0.44219401  0.00802254 -1.17796629
 -0.51669817 -1.49070703 -1.40143702]
-2.000 - [ 2.85996652  2.58484284  3.90884004  4.34272913  2.87795349  2.30868931
  2.19691435  1.94398903  2.79271439 -0.4399633   1.68179051 -2.40518039
  1.03593284  0.59697076  0.83887783  0.84424778  0.56099063  2.87052349
 -2.59448173  0.54626011  2.04867191  0.23609969  0.70494207  0.38299787
 -1.53028447  0.71598903  0.99625852  0.99975085  0.97814169  0.59438068
  0.78618548  1.25664444 -0.17895303  0.74539421  0.83357324  1.47637422
  0.41857282  0.72790864  0.3318336   1.2281635  -1.18479881  0.80798109
 -2.34123559 -0.58401566 -0.41234864]
-2.000 - [ 2.87651395  4.97799886  3.82155411  3.25990389  1.83401668  2.18728553
  1.5412643   1.14536485  2.73263591 -0.70109206 -3.66117404 -0.89707047
 -2.19258843 -1.38308656 -1.19433662 -0.76342801 -0.33111258 -3.98195563
  0.61306771 -2.5408404  -2.56111179 -0.82578014 -1.45731489 -0.27362695
 -1.14091489 -0.02449491 -1.40551453 -1.02300001 -0.91604586 -0.19681034
  0.30013926 -1.82581987  0.07072874 -0.89115733  0.89611845 -0.20866454
 -1.69490923 -1.64216377  0.13383845 -1.36736256 -2.73529306  1.28231077
  1.71534073  1.59918786  2.31236169]
4.000 - [ 3.55419877  1.67962666  2.65062661  0.97644329  1.02057359  1.01122863
  0.9958879   0.99220297  1.45366785 -1.30343487 -3.76184219 -2.64571728
 -1.98011951 -1.97367173 -1.23801887 -1.05094714 -1.11641002  1.07812352
  0.69002277  0.78223353 -0.12533233 -0.77002447 -0.79353429 -0.02681525
 -2.20494452 -1.02694823 -1.10144691 -1.00298209 -1.05782865 -0.90497555
  0.64684301 -0.33175864  0.5726443  -0.14353288  1.924512    0.26308068
 -0.4472723   0.31490853  0.56736657 -0.99156594 -0.52127041  0.94490156
  0.82179355  1.70884344  1.23893138]
2.000 - [ 1.6128576   2.02852329 -0.32355178 -1.76971774  0.93279172  0.95234249
  3.49871807  1.50548418  1.47066354 -1.34404643 -3.48519596 -1.82277001
 -0.32490923 -0.08748131  0.58208362  0.74650453  0.66023298 -3.24044793
  1.24971189  2.95772146  2.00209142  1.24131085  1.1531209   1.16391981
  0.49185146  0.88631625  1.04747441  0.99519157  1.2780496   0.97072076
  0.92177691  1.3768253   2.96853283  1.67988945  1.90587689  1.42158935
  0.23242756  1.24115593  0.6806925   1.12074766  0.86813557  1.39728335
 -0.87709674  0.46723325  0.33852366]
-2.000 - [ 2.51539661  2.1747703   1.13114874  1.06545755  1.00189796  1.00256539
  2.7342703   1.73328352  0.971947   -1.05444415 -2.70965558 -2.93127005
 -1.50901026 -1.24122272  0.7944093   0.72602188  0.65261967 -1.63384876
  0.17399631 -1.09674819 -1.17776401  0.85994329  0.83651979  0.86080982
  1.00452444  0.94577519  0.57538483  0.91730786  1.29627961  0.9286588
 -1.11862125 -1.38288935  0.34650387  0.62809487  0.63539521  0.61282478
  0.81471743  0.83575837  0.92873355  1.00290361  1.12862401  0.98743702
 -2.14599345 -0.68356803 -0.09000892]
-2.000 - [ 1.75578949  2.18704395 -0.28693318 -1.7915695   0.92912817  0.95054106
  3.52820485  1.49941971  1.45168536 -1.34776465 -3.63964782 -2.02474183
 -0.50143773 -0.24525776  0.56754326  0.72726004  0.63578487 -3.39502691
  1.18221105  2.72013874  1.66701435  1.22001955  1.12829201  1.14244645
  0.46630916  0.87968033  0.92377339  0.97101403  1.25953282  0.94999146
  0.88088465  1.13028064  2.90089555  1.64156719  1.8683275   1.28728245
  0.16704223  1.18430285  0.65590409  1.1282294   0.95205828  1.39044356
 -0.85399416  0.41157527  0.31815774]
3.000 - [ 3.0108182   1.83924273  4.44082759  5.40044831 -0.29658682  1.16167082
  3.14599174  1.26624843  0.59063019 -0.85925153 -1.61991468 -1.56819095
 -0.84135451 -0.61460793 -0.09497735  0.08890942 -0.48460908  0.43930444
  0.3290052  -1.99384419 -2.2466494  -0.23125873 -0.3579114  -0.19894143
 -2.69951926 -0.68207786 -1.32314131 -0.28602223  0.04610597 -0.62879859
 -1.52183701 -2.35290932 -0.36713011  0.16310267 -0.08925137  2.31958891
  0.91235085  0.35272115  0.01346695  0.07033134  1.51782098  0.91236295
 -1.95513573  0.50232183  0.5409468 ]
8.000 - [ 3.06495293  7.00274196  6.89936199  6.40259928  3.97764852  4.01000293
  5.59485731  3.50735661  2.30741589 -0.08720536 -2.66131772 -1.67943419
 -1.74012964 -0.88804741 -0.85216401 -0.62157757 -1.16465454 -1.95129961
 -3.72553122 -4.5639513  -4.40132336 -2.11058854 -2.11183468 -1.77780302
 -2.38326705 -0.51877672 -2.05481914 -1.69673178 -0.60136866 -1.35061976
 -0.09509729 -3.5718014  -2.53539156 -2.25228289 -1.71061143 -1.68513415
 -1.40071471 -2.71168753 -2.0072627  -0.54681892 -0.72270774 -1.33161534
 -2.92068042 -1.13373294 -1.33953753]
-2.000 - [ 2.91896713  6.51656146  7.06003707  8.43834021  3.80243352  3.65661239
  5.12159065  3.39302632  2.36338443  0.12198953 -1.67167225 -0.86687439
 -1.4902304  -0.82944706 -0.7854733  -0.64174553 -1.23824267 -1.2658292
 -3.72562004 -4.91232286 -4.32768902 -2.27125094 -2.25542103 -1.89250761
 -1.84738976 -0.67736767 -2.3464892  -1.51342185 -0.89134982 -1.52911082
  0.03813924 -3.31548986 -3.15348662 -2.43289667 -1.61654931 -1.55034174
 -1.74883581 -3.08827423 -1.73990924 -0.11441161 -1.87349573 -1.0301257
 -3.10886699 -1.62813356 -0.50682598]
-2.000 - [  4.68792086  11.15520838   9.2985324    3.25434377   3.64081806
   5.29514561   9.29100796   2.05112411   0.9832051   -0.57531908
  -7.31477058  -2.85567261  -4.80728958  -1.85191612  -1.92439475
  -1.57294784  -2.14575519  -9.53362376  -1.55120664  -7.38726652
  -4.89938105  -2.64929229  -3.0832441   -2.61981054  -2.39665652
  -1.03183697  -2.54882854  -1.51722389  -1.3810542   -1.73418167
  -0.07597183  -2.86365736  -1.28436233  -1.75514093  -1.40436291
  -0.97537233  -0.9551063   -2.14800747  -2.45506177  -0.87871671
  -1.46230549  -1.42574999   0.47843191  -2.13023488  -1.91402095]
-2.000 - [ 3.97480531  9.43937566  8.72368263  4.82060187  3.51495715  4.22729486
  8.26346063  2.44991511  1.33277982 -0.31695562 -5.22797797 -2.21723931
 -3.59493559 -1.5540377  -1.36640445 -1.06094456 -1.55708582 -6.31698964
 -2.48692814 -6.45438914 -4.78060104 -2.38332358 -2.48599609 -2.16794459
 -2.24231687 -0.88693457 -2.54274446 -1.43754252 -1.04158322 -1.41402154
  0.07500301 -3.2129394  -1.99657345 -1.55284289 -1.24760924 -1.34671062
 -1.35864505 -1.99311394 -2.0065846   0.13607286 -1.037779   -0.86907158
  0.44581462 -1.9907611  -1.49705185]
-2.000 - [ 4.03094917  6.44603977  7.20869951  7.66283352  4.08760596  2.74624775
  3.42848233  5.82702808  1.18239846 -0.13525358 -1.78850815 -1.86440097
 -2.3071693  -1.75581866 -0.93969093 -1.09590995 -1.54376759 -1.4680081
 -3.37571921 -5.07843741 -4.78459441 -2.44374215 -2.94752259 -2.30579761
 -1.89431193 -1.11932298 -2.27644947 -1.97192313 -1.35736308 -1.72083614
 -0.10276979 -3.49187667 -3.89118663 -2.68887329 -1.95283136 -1.56410762
 -2.27090034 -3.2086897  -2.70584721 -0.0408731  -4.7643357  -1.43471374
  1.48140666 -1.23461039 -0.9784705 ]
-2.000 - [ 4.94287666  9.19903764  9.97001306  5.41829078  5.03892767  4.33467643
  6.58902574  2.09496075  1.13170585 -0.45850528 -5.18273316 -3.23631317
 -3.86735977 -2.63800558 -1.80598083 -1.46891936 -1.94956958 -5.7516012
 -2.88773663 -6.2975397  -6.4458705  -3.05027263 -3.08238249 -2.47759332
 -2.43325624 -1.06266226 -2.88955797 -2.35953438 -1.21219009 -1.7207757
 -0.03175668 -4.34716563 -2.79888625 -1.93498656 -1.66014567 -1.91617795
 -1.67555827 -2.31147139 -2.63013813 -0.80426391 -0.17260997 -1.31671065
  2.53224667 -1.57195169 -2.30227462]
-2.000 - [ 2.02581709  4.78941148  5.13857302  6.56192179  3.1331541   2.59995146
  4.69290217  1.6568373   2.57489223 -0.05008577  0.03104027  0.3411531
  0.09632428  0.81567041 -0.14196401 -0.41045398 -0.64073177  0.29054719
 -2.04738097 -2.12049379  0.07794921 -1.34346812 -1.96401701 -1.85730656
 -1.64861121 -0.16575167 -0.45225048 -0.54048212 -0.60039824 -1.01800664
  0.39145665 -0.36877287 -1.55078291 -1.74764193 -1.17311215  0.26622406
 -0.52213378 -1.75003972 -2.08362453  0.69612098 -4.0920532  -1.13236923
 -2.52886855 -0.35276363  0.98094222]
-2.000 - [  4.31826537  10.45807333   8.64985168   3.76880244   3.42035711
   4.6448088    8.06900493   1.82641618   3.69430712  -0.46861846
  -6.12976345  -2.53945117  -4.09051496  -1.73047833  -1.7981023
  -1.50293955  -1.94496894  -7.21966023  -2.11171682  -6.6956384
  -4.6447797   -2.68024055  -2.85476812  -2.38097801  -2.54557285
  -1.14973285  -2.54398352  -1.70814273  -1.4042092   -1.70995199
  -0.10018017  -2.77950498  -1.69065128  -1.7562777   -1.19070325
  -1.05719204  -0.95134966  -1.90098772  -2.12912636  -0.57450941
  -0.71294888  -1.01967021  -0.04495269  -1.62830458  -1.29993782]
-2.000 - [  4.56991442e+00   1.11230739e+01   9.41642930e+00   3.18038212e+00
   3.58940428e+00   5.28379147e+00   9.47406787e+00   2.11657584e+00
   1.15684393e+00  -5.59200096e-01  -7.29350630e+00  -2.74589748e+00
  -4.71240919e+00  -1.74283479e+00  -1.90661378e+00  -1.52500884e+00
  -2.07788798e+00  -9.40606331e+00  -1.57904064e+00  -7.27874850e+00
  -4.73469731e+00  -2.61920778e+00  -2.96592241e+00  -2.55332693e+00
  -2.42118786e+00  -9.98930445e-01  -2.53659470e+00  -1.47932461e+00
  -1.33281438e+00  -1.66108899e+00   1.04887764e-02  -2.80511069e+00
  -1.20650681e+00  -1.62787880e+00  -1.30999939e+00  -9.78205399e-01
  -9.41842891e-01  -2.00448557e+00  -2.33071387e+00  -7.20850807e-01
  -1.56881213e+00  -1.30880227e+00   6.24383968e-01  -2.10731332e+00
  -1.85468656e+00]
-2.000 - [  3.98828115e+00   9.54313428e+00   7.90400814e+00   4.53074077e+00
   3.27412439e+00   3.92373757e+00   6.70237063e+00   1.67163051e+00
   1.88877386e+00  -3.50744906e-01  -4.75331835e+00  -2.23986957e+00
  -3.33809424e+00  -1.64845411e+00  -1.60597674e+00  -1.38974211e+00
  -1.73212846e+00  -4.80179930e+00  -2.69574093e+00  -5.99984663e+00
  -4.48540486e+00  -2.67706201e+00  -2.66187932e+00  -2.16046355e+00
  -2.61307926e+00  -1.24299776e+00  -2.51762625e+00  -1.87891261e+00
  -1.39362029e+00  -1.68969234e+00  -1.54422178e-01  -2.78386579e+00
  -2.21216439e+00  -1.82768877e+00  -1.06849154e+00  -1.16448870e+00
  -1.03343091e+00  -1.79791070e+00  -1.89286753e+00  -2.85817499e-01
  -4.92235567e-03  -6.17961439e-01  -5.60857628e-01  -1.21598009e+00
  -7.96302371e-01]
-2.000 - [ 3.59353072  8.49324892  7.33177228  4.53668354  3.00023336  3.73125066
  6.78334942  1.68581803  1.83481694 -0.39560683 -4.49398635 -1.90610381
 -2.75632985 -1.08666868 -1.04575841 -0.73814274 -1.16589006 -5.45257697
 -1.81185308 -4.7213703  -3.58579162 -1.89355869 -1.89361974 -1.6282636
 -2.69704609 -0.64934568 -2.11267753 -1.06631377 -0.75277892 -1.08731274
  0.55636974 -2.51034968 -1.16697309 -0.90242354 -0.51834864 -0.71020588
 -1.35479083 -1.53781058 -1.70477001 -0.38836061 -0.18080243 -0.28262287
 -0.51936272 -0.78162799 -0.46806957]
-2.000 - [  4.72665491  11.58723148   9.58160437   2.82290045   3.60374986
   5.54265243   9.77907475   2.02561484   1.00796766  -0.61496995
  -7.83956183  -2.90871274  -5.02378225  -1.82811795  -2.03362184
  -1.63940844  -2.20648224 -10.23308673  -1.38020516  -7.55765062
  -4.83652328  -2.67978717  -3.09076108  -2.65341234  -2.45756308
  -1.02913475  -2.57302228  -1.49006331  -1.41244585  -1.73083416
  -0.02996609  -2.77270076  -1.03723072  -1.66266755  -1.3422445
  -0.92188906  -0.84986019  -2.02821415  -2.42184571  -0.92916559
  -1.60734808  -1.42050015   0.60494848  -2.14521685  -1.93032444]
-2.000 - [ 3.8624809   8.30743346  7.71710978  4.69787506  3.12331972  3.32810456
  6.42466102  1.79152651  1.97531373 -0.42255219 -4.31284737 -2.23087478
 -2.76041886 -1.35774584 -1.0807627  -0.76249844 -1.18248084 -4.95147713
 -2.03342911 -4.53424331 -3.81799987 -1.89569474 -1.82355301 -1.56225123
 -2.8448093  -0.6305249  -2.21445835 -1.14167214 -0.69650147 -1.03549612
  0.7899049  -2.93155632 -1.25362178 -0.85482925 -0.41490786 -1.01868814
 -1.69048738 -1.58058273 -1.6413664  -0.07703012 -0.69475178 -0.10329369
  0.56810343 -1.15779462 -0.91984062]
-2.000 - [  2.80411708e+00   7.98117591e+00   5.38313763e+00   5.28267696e+00
   2.91817036e+00   6.69228204e+00   7.26680522e+00   3.01706288e+00
   2.50165782e+00  -4.41201239e-01  -3.15854028e+00   5.42796031e-01
  -1.26007899e+00   2.08987319e+00  -1.07283508e+00  -4.29707575e-01
  -8.32361871e-01  -4.78277256e+00   1.03457585e-01  -2.39610020e+00
   3.46696913e+00  -1.71531376e+00  -1.52385901e+00  -1.36020985e+00
  -1.28679360e+00   4.67805029e-02   5.01717946e-01  -2.47138654e-01
  -7.91850045e-03  -2.27446079e-01   6.68377780e-01   2.46650419e+00
   7.35493419e-02   2.86930562e-02   2.49315771e-01   1.74090316e+00
   5.68385009e-01  -3.43729435e-02  -5.50874595e-01  -1.15149401e+00
  -3.59889411e+00  -4.78203962e-01   3.18786772e-01   6.29133931e-01
  -6.23192392e-01]
-2.000 - [ 3.62448879  8.32546181  7.93193754  4.59982749  3.5348191   3.65109909
  6.84410131  2.56044705  1.89393974 -0.30175916 -4.19137754 -2.43315597
 -2.81520679 -1.42492145 -0.99492354 -0.68794967 -1.08928923 -4.31820145
 -3.10377909 -5.39355873 -4.69115255 -2.03916915 -1.95840363 -1.72650392
 -2.43172358 -0.62819778 -2.21097084 -1.49403419 -0.55491935 -1.04614405
  0.05657058 -3.70015215 -2.05545597 -1.34411307 -1.19954177 -1.68941812
 -1.38408983 -1.6885167  -1.87701111  0.38519179  0.02509937 -0.76497807
  0.39474768 -1.55648177 -2.01017145]
-2.000 - [  4.69723977e+00   1.14839619e+01   9.49680036e+00   2.87926067e+00
   3.57898677e+00   5.46878450e+00   9.65910854e+00   2.00568717e+00
   1.04020438e+00  -6.09547774e-01  -7.73094225e+00  -2.89054881e+00
  -4.95190827e+00  -1.81436713e+00  -1.99828603e+00  -1.60789980e+00
  -2.16939417e+00  -1.00807567e+01  -1.39145906e+00  -7.46049510e+00
  -4.81036992e+00  -2.64864625e+00  -3.04476396e+00  -2.61324509e+00
  -2.47252638e+00  -1.01369475e+00  -2.56207627e+00  -1.47252641e+00
  -1.38786661e+00  -1.70636666e+00  -6.34197731e-03  -2.78025837e+00
  -1.03463441e+00  -1.63181140e+00  -1.30688603e+00  -9.20641197e-01
  -8.73984218e-01  -2.01109847e+00  -2.39512669e+00  -9.10985812e-01
  -1.54269159e+00  -1.37462128e+00   5.66847482e-01  -2.09993560e+00
  -1.88383879e+00]
-2.000 - [ 2.04324214  1.98967524  6.33817427  9.38858664  4.75014289  2.19640619
  1.2769567   1.43490164  3.43531108  0.17149097  3.35145395  1.27074608
  2.0984985   0.64267412  0.05958222  0.32418176  0.51853959  4.91367585
 -2.74496923  0.0410615  -0.14996452 -2.03163701 -0.22407984 -0.15163253
 -1.39327716  0.33331016 -0.49750431 -0.89946237  0.2860344   0.24983937
  0.77175478 -0.10046404 -2.35826841  0.65539003  0.85015384  0.40494469
 -0.37595371  0.78823956  0.86240499  1.03017897  0.86610141  2.02421137
  0.09693143  3.31927765  2.88479635]
-2.000 - [ 3.36540513  6.12347332  5.9857973   7.23804332  2.42730519  1.30037562
 -0.11158383  0.21447638  3.03221045 -0.28415606 -1.00830002 -1.99677238
 -0.76689478 -1.79167811 -1.28033369 -1.18029794 -1.17826406  3.8285339
 -3.55075475 -1.38397883 -3.5360001  -2.61223368 -1.7542671  -1.10932184
 -4.60538579 -1.66116184 -2.89851959 -2.70202778 -1.40876729 -1.62054239
  1.27372141 -4.13791645 -3.08985237 -1.35691472  0.36978707 -1.95914535
 -2.52248446 -1.39449342 -1.31889431 -0.7970687   1.54168032  1.45358885
  0.28908998  0.86099185  1.14951779]
-2.000 - [ 1.96396188  1.87975882  6.22387086  9.31037706  4.75475782  2.26052335
  1.27368196  1.39936858  3.49171632  0.16671185  3.4644822   1.42464222
  2.23093309  0.81040734  0.06565985  0.34515058  0.54117001  5.04925843
 -2.62147564  0.26495951  0.23391648 -2.00704916 -0.19463635 -0.12823555
 -1.37628561  0.37799106 -0.36450066 -0.85919122  0.31996711  0.28670159
  0.82225394  0.15754344 -2.24877098  0.71132107  0.90227591  0.54562874
 -0.30081046  0.86256006  0.90197441  0.99998283  0.72471714  2.03742038
  0.09265085  3.41214112  2.90285197]
-2.000 - [  4.73343162  11.6104075    9.59232636   2.80299509   3.60475275
   5.55777762   9.79818868   2.0221331    1.00309919  -0.61782236
  -7.86777065  -2.91453109  -5.03878981  -1.83034594  -2.04092075
  -1.64562722  -2.21364376 -10.27399701  -1.36903023  -7.56967461
  -4.8371853   -2.68358387  -3.09796999  -2.65933077  -2.46012486
  -1.03128067  -2.57412769  -1.49141517  -1.41693966  -1.73484651
  -0.03094279  -2.7677256   -1.02833533  -1.66452704  -1.34419657
  -0.91745467  -0.8449496   -2.02933442  -2.42720482  -0.94046247
  -1.6139032   -1.42736026   0.6070352   -2.14831048  -1.93652936]
-2.000 - [  6.19590951   6.53634652  11.38382778   7.63363693   4.04714504
   0.22706896   3.41548444   1.61009006   1.76738393  -0.48072714
  -2.52417376  -3.89621776  -2.88790498  -4.33389786  -1.85209817
  -1.61314617  -2.03126576  -1.32315833  -3.43610413  -3.77217174
  -8.29697599  -3.58313664  -3.11876667  -2.18807587  -3.6012773
  -1.28208433  -3.99581315  -3.16619238  -1.42859931  -1.86187689
   1.82710653  -5.62749183  -3.93515833  -1.48589862  -0.64614629
  -2.75153992  -4.24973115  -2.92834202  -2.53698889   0.81148979
   0.13867232   0.72455898   7.31996232  -0.87231142  -1.19236455]
-2.000 - [  4.73341492e+00   4.40253509e+00   7.90587926e+00   8.85568666e+00
   3.94174404e+00   1.97815487e+00   1.08997273e+00   1.34515382e+00
   2.75319421e+00  -1.82452113e-01   6.96750323e-01  -1.48603638e+00
  -9.96984645e-01  -2.25878468e+00  -1.11913192e+00  -1.09259541e+00
  -1.36042936e+00   1.19612419e+00  -2.91174655e+00  -3.16189862e+00
  -4.78688298e+00  -3.32425289e+00  -2.80178266e+00  -1.91841673e+00
  -1.73145498e+00  -7.46270047e-01  -1.95716502e+00  -2.41242626e+00
  -9.85944344e-01  -1.40634759e+00   1.16141645e-03  -2.69951646e+00
  -3.94222237e+00  -1.63133082e+00  -1.01382659e+00  -8.32236013e-01
  -1.63996687e+00  -1.92189943e+00  -1.63269609e+00  -5.92090566e-01
   7.20253103e-01  -5.41197739e-02   2.06358331e+00   1.04093591e+00
   1.54044622e-01]
7.000 - [ 3.09869897  6.00788986  5.53172846  7.26004259  2.29031465  1.35077095
 -0.07816329  0.22469568  3.00846678 -0.24681713 -0.8703019  -1.71242329
 -0.59571044 -1.5625236  -1.17874193 -1.09156113 -1.08630906  3.87712911
 -3.45008007 -1.30795641 -3.32201007 -2.54778783 -1.70989276 -1.07392114
 -4.53293926 -1.65072715 -2.81115634 -2.6256644  -1.40032191 -1.61051863
  1.15571145 -3.86375306 -3.05296451 -1.33696355  0.36139743 -1.75184746
 -2.34683489 -1.33313387 -1.30820862 -0.90754383  2.22211399  1.38089149
 -0.53454449  1.06568443  1.34012945]
-2.000 - [  6.26413488e-01   2.00401136e+00  -2.35204970e+00   8.52925381e+00
   2.16240639e+00   6.95274682e+00   2.58802546e+00   3.40418404e+00
   2.78017588e+00  -8.88107439e-02   3.54443382e+00   4.77887379e+00
   2.71243979e+00   5.56504013e+00  -1.38195886e-01   5.11964625e-01
  -8.68420841e-02   4.30701491e+00   1.07772096e+00   2.82570615e+00
   1.07824679e+01  -1.32320160e+00  -1.35976232e+00  -1.00479329e+00
  -2.33636914e-02   3.19731853e-01   3.24716362e+00  -1.46643754e-01
   7.52293263e-01   2.26922751e-01   6.96254235e-01   7.32552281e+00
  -1.08156305e+00   9.36760937e-05   2.92872311e-01   4.28419327e+00
   8.76484287e-01   5.32346668e-02  -4.01722114e-01  -2.33605086e+00
  -4.67857165e+00  -1.25794435e+00  -1.27645885e+00   2.69866473e+00
  -3.79032230e-01]
-2.000 - [  3.26634264e+00   5.51055479e+00   6.21648323e+00   7.34493232e+00
   3.05774227e+00   1.02362466e+00   1.11078064e+00   1.01031660e+00
   3.41629941e+00  -4.33874175e-03   8.86207089e-01  -1.50885739e+00
  -3.63234417e-01  -1.62270707e+00  -1.13401088e+00  -1.16204104e+00
  -1.09461842e+00   5.63034352e+00  -4.98187897e+00  -2.58272202e+00
  -3.41784436e+00  -2.79229208e+00  -1.90279617e+00  -1.28515268e+00
  -3.16178087e+00  -1.60927048e+00  -2.32174312e+00  -2.77099176e+00
  -1.29212667e+00  -1.54636353e+00   1.27996273e-01  -2.99700306e+00
  -4.16097151e+00  -2.00686960e+00  -3.77055605e-01  -1.84312704e+00
  -1.68479707e+00  -1.32486763e+00  -8.46702240e-01   1.21582052e+00
  -6.13546064e-02   1.09728436e+00  -7.79029126e-02  -2.61258954e-02
   6.88374476e-01]
-2.000 - [ 4.09537092  8.54621159  8.90375323  6.09768507  4.73029556  4.93464966
  6.1970223   2.40804839  0.88020741 -0.29299772 -4.45593139 -2.29292095
 -3.1956119  -1.93951445 -1.49198783 -1.19544038 -1.66540759 -4.75215048
 -2.99359174 -5.89332507 -5.82696944 -2.97912563 -2.99992206 -2.41661415
 -2.34009715 -1.11596471 -2.70776695 -2.31021715 -1.20053948 -1.72977368
 -0.34444734 -3.47738573 -3.19908686 -1.97854917 -1.82624708 -1.38640952
 -1.36997268 -2.25934955 -2.68634437 -1.38500759  0.78320716 -1.56792008
  0.61663825 -0.90270866 -2.00678751]
-2.000 - [  5.58653041   6.0602968   10.11667907   8.20164382   3.61233003
   1.18476768   2.77589056   1.39585312   1.83678996  -0.38765746
  -1.99540416  -3.19712805  -2.36777046  -3.7470044   -1.57736496
  -1.39309486  -1.78197616  -0.92106081  -3.21058677  -3.41105922
  -7.65457062  -3.45728915  -3.00338517  -2.07635324  -3.41393491
  -1.28244108  -3.72683354  -3.00366865  -1.40439427  -1.83399386
   1.5009827   -4.74965877  -4.03663041  -1.42741344  -0.66217252
  -2.08462355  -3.83315658  -2.78613348  -2.51239666  -0.13397829
   1.1139157    0.48933925   5.07076396   0.03247826  -0.51289371]
-2.000 - [ 5.0966396   5.7562286   9.14834933  8.54506114  3.27590802  1.9153248
  2.36944595  1.2713154   1.71115411 -0.31460801 -1.65103918 -2.65159314
 -1.99648351 -3.28441467 -1.36541382 -1.22247656 -1.59186116 -0.72436058
 -3.02154689 -3.19615717 -7.17022189 -3.35360561 -2.91742025 -1.99810168
 -3.26175738 -1.28292496 -3.52217193 -2.86632753 -1.38898543 -1.81536258
  1.23045945 -4.07979313 -4.08765921 -1.38769128 -0.68623404 -1.57371943
 -3.48716934 -2.67377983 -2.49731496 -0.84357113  1.88958717  0.28922273
  3.33926521  0.63523339 -0.06079679]
-2.000 - [  3.96533182  10.17269808   8.44866644   4.4629827    3.20168385
   4.60765452   7.04061878   1.56209852   1.46868158  -0.42474379
  -5.55281721  -2.24401735  -3.52910193  -1.60180824  -1.71130669
  -1.40815587  -1.82118036  -5.53135191  -2.19633712  -5.65273125
  -4.39337049  -2.6858247   -2.71282252  -2.23219217  -3.14460938
  -1.27170317  -2.73541661  -1.9000653   -1.43543181  -1.74184409
   0.32097655  -3.01807044  -1.94637062  -1.6477849   -0.97056889
  -1.18893148  -1.38532804  -1.92068351  -2.17714041  -0.91228994
  -0.31970296  -0.65913872   0.11127663  -1.3415667   -1.0638444 ]
-2.000 - [  6.0858522    5.69301586  10.45075368   8.33664894   4.6065473
   0.5582861    2.25516377   1.71667368   2.62077514  -0.32569548
  -0.70195854  -3.28707555  -2.37594826  -3.8733726   -1.60334059
  -1.53498681  -1.8616727   -0.11645848  -3.79884943  -4.55271235
  -7.34932087  -3.62442438  -3.1164865   -2.19446194  -2.17066387
  -0.93089953  -2.95903692  -2.85047014  -1.16825124  -1.60876503
   0.42188138  -5.11047238  -4.19240334  -1.92761307  -1.15832084
  -2.4522041   -2.68190138  -2.48737847  -1.87178551   0.8434511
  -0.33329824   0.240222     5.53862499  -0.70977159  -0.93792403]
-2.000 - [  4.73066286  11.6008711    9.5878244    2.81048954   3.60356655
   5.55039107   9.78839625   2.02411024   1.00411843  -0.61643605
  -7.85830346  -2.9137101   -5.03325112  -1.82938654  -2.03811464
  -1.6432354   -2.2105037  -10.25672076  -1.37693047  -7.56582395
  -4.83745415  -2.68057637  -3.09339607  -2.65570997  -2.45918901
  -1.03077273  -2.57412129  -1.49072879  -1.41544704  -1.73310392
  -0.02927785  -2.77070332  -1.03094986  -1.66235771  -1.34324266
  -0.92100025  -0.84691361  -2.02748046  -2.424016    -0.93556995
  -1.60783182  -1.42444377   0.60673848  -2.14826893  -1.93513321]
-2.000 - [  4.73342569  11.61032854   9.59229639   2.80307562   3.60474908
   5.55771584   9.79810111   2.02214779   1.00309375  -0.61781249
  -7.86769784  -2.91453698  -5.03875955  -1.83035376  -2.04090523
  -1.64561865  -2.21363333 -10.27385955  -1.36910131  -7.56965743
  -4.83721059  -2.6835691   -3.09795813  -2.65931698  -2.46011827
  -1.03128874  -2.57413398  -1.49142495  -1.41693948  -1.73484811
  -0.03093603  -2.76775733  -1.02837752  -1.66453511  -1.34420864
  -0.91748759  -0.84497529  -2.02934465  -2.42720344  -0.94043931
  -1.61385537  -1.42736261   0.60704062  -2.14833126  -1.93654352]
Official R squared: 0.88 -- <class 'sklearn.svm.classes.SVC'>

Prediction time: 0.158921s
